0.554884713816596
0.7124773563888919
0.22053353002117881
0.4668778081489081
0.3201317874323776
0.9314360862749942
0.062373468672619836
0.007256501232309365
0.4970118021711972
0.2563055756926037
0.5657315552708905
0.3182874712774645
0.46401183544334057
0.08507164118264543
0.5980909431039548
0.2917256144227709
0.013511262117181122
0.836636938511516
0.5651732735052826
0.6919641252048576
0.5326234712124508
0.3318067688994296
0.6758246932421096
0.5142261643730099
0.5214144492014061
0.2828995432100645
0.6910829351809328
0.6861983714048682
0.3839529795915746
0.8804152759383995
0.3336039110678557
0.6274193055280103
0.13565614857711916
0.3060168684436829
0.31975858883160435
0.22468036650775836
0.7846507046876062
0.4981479075114871
0.6690934259415363
0.981893196237378
0.6653791877129375
0.6499324514980462
0.544481228903772
0.45932146430977194
0.9294374133695548
0.7285714673958306
0.38117117573505344
0.6297718831952368
0.7316377245619456
0.7712714798936837
0.47408059850638595
0.4482831123171399
0.3885500698594059
0.8348109901846358
0.5100528193729624
0.7570473788337821
0.932281011195093
0.2541710762367163
0.7554391127342557
0.6287448731436369
0.03400858485500935
0.30022588349862334
0.7392450924151548
0.389166028991797
0.2297983637447657
0.4173102851613777
0.3082148802114104
0.8539421633061569
0.7454845401144138
0.9685513339884275
0.8726090043994179
0.764400629532596
0.9879068927935611
0.8201707898364323
0.5100653108655593
0.014005333868190584
0.9465531315749357
0.15553646839870394
0.3498140846955784
0.019539411584443056
0.3326631050337473
0.6255601193897913
0.32065244404219995
0.5101314677866384
0.2721098311252822
0.3141102133470245
0.9134650512610036
0.08242310820874843
0.7638797738702426
0.02542809905195531
0.082711268902664
0.10161957218810513
0.9177326748278889
0.08510629293425087
0.7911821015985848
0.9158615574452192
0.19262915253969692
0.18700817771271805
0.9884622233687089
0.8953012184329424
